633804422
633803100
633256552
633256184
633253685
633253107
633110335
633098493
633087617
633087158
633086052
633082453
633082013
633077713
633073337
633070361
633069858
633068914
633068481
632915278
632729877
632729450
632727910
632724299
632644068
632617308
632602309
632597750
632581343
632577476
632577336
632577228
632563805
632563794
632557903
632557675
632555104
632544746
632526517
632526371
632525691
632525629
632519505
632519370
632511317
632237806
632235265
632234325
632233770
632233700
632233606
632233476
632233471
632232817
632232026
632231853
632231724
632231550
632231514
632231105
632230808
632230662
632230582
632229507
632229449
632229396
632229291
632229236
632229171
632229109
632228862
632228635
632228468
632228404
632228212
632228022
632227931
632206771
632164564
632153570
632152535
632145387
631945569
631939074
631931634
631919738
631919019
631916964
631916834
631914594
631914262
631912555
631911903
631911814
631874771
631870651
631844087
631842886
631839759
631838805
631806372
631726574
631722481
631719544
631713166
631709782
631709147
631699255
631694634
631690942
631690788
631671726
631358385
631352226
631352149
631350539
631350088
631341162
631340494
631340220
631339965
631330579
631320146
631320136
631319535
631318667
631318442
631318345
631318025
631317693
631317297
631316875
631316862
631266518
631263195
631262914
631260991
631255610
631253218
631242064
631235057
631162188
631111407
631104576
631098719
631098427
631098176
631093929
631090621
631084273
631077613
631074317
631073755
631073223
631072943
631032262
630884070
630874452
630872082
630871209
630835816
630824395
630823292
630817221
630799240
630797731
630796377
630774324
630772676
630762199
630756472
630755151
630628668
630612985
630606848
630605700
630576933
630576725
630575643
630574369
630574152
630570870
630570427
630515223
630511149
630507163
630506044
630505209
630495978
630494128
630493210
630492949
630491735
630491525
630491518
630488958
630488843
630487252
630487038
630486956
630486452
630484965
630484521
630484000
630483773
630483121
630483032
630482141
630479544
630479261
630478243
630477108
630476748
630475673
630471507
630462988
630462919
630460820
630459969
630459961
630459276
630458457
630454182
630449559
630448446
630447914
630447084
630444415
630444134
630440509
630440379
630438641
630437649
630433121
630429649
630429448
630426372
630426099
630425500
630425178
630424218
630424118
630422395
630421428
630421363
630418556
630418554
630417320
630416666
630416202
630414906
630414408
630414305
630412854
630409631
630409580
630400594
630398872
630396340
630390761
630368010
630357683
630352454
630336108
630291905
630289110
630273937
630268424
630268011
630267506
630267446
630266221
630265431
630264989
630263863
630262534
630258814
630256898
630256807
630256676
630255576
630250554
630241226
630241086
630240536
630239952
630239443
630239399
630237773
630136656
630100928
630079135
630042055
630031081
630030704
630030181
630019253
630015919
630013368
630006774
630004952
630004094
630000721
630000378
630000101
629997640
629997347
629995569
629992788
629992581
629992200
629991947
629991085
629973571
629967315
629966996
629965241
629964177
629961095
629960783
629955398
629951403
629923858
629922623
629922560
629922523
629922487
629921466
629921367
629920911
629917773
629915996
629915932
629915804
629914596
629836909
629811142
629810755
629810167
629807863
629793989
629754424
629746504
629716154
629715459
629712382
629698324
629697862
629696358
629694193
629688058
629655247
629649565
629640625
629629975
629629515
629614799
629596607
629573740
629558926
629557337
629557100
629537195
629527114
629511887
629510924
629501144
629499727
629456223
629456117
629455703
629455587
629455515
629455501
629455304
629455152
629431961
629430685
629428943
629422592
629417596
629399093
629391097
629383986
629373057
629369454
629361594
629361194
629353071
629352894
629350839
629350793
629349412
629349391
629348710
629348084
629348006
629347906
629347838
629346716
629346599
629346590
629345912
629344691
629344650
629344452
629333245
629332677
629327595
629302282
629094525
629068165
629014026
628949084
628946530
628944680
628944161
628942331
628940896
628939783
628938315
628937981
628862037
628685586
628675813
628640684
628639905
628639707
628543282
628509851
628497886
628352406
628350250
628343599
628343286
628342902
628342536
628334836
628334519
628332257
628331696
628329121
628328333
628326738
628325698
628325680
628324796
628324771
628324735
628323290
628322742
628322734
628322727
628322714
628322561
628321943
628321938
628321909
628321764
628320881
628320769
628320689
628320612
628320572
628320503
628320492
628320375
628320361
628320338
628320328
628320304
628320284
628320235
628320186
628320098
628318364
628317050
628317032
628317010
628315933
628166479
628156696
628140707
628140360
628139813
628135619
628132022
628131479
628130147
628129582
628129563
628128940
628125808
628124704
628123631
628120218
628119901
628118199
628117775
628117668
628117653
628117556
628117492
628116968
628116167
628116063
628115557
628115017
628114925
628114899
628114661
628114552
628114525
628114399
628114071
628112832
628108485
628098249
628092223
628090970
628081033
628062476
628060201
628057809
628056264
628055956
627937609
627933362
627933279
627329027
627325830
627315364
627309235
627309054
627308441
627307999
627307067
627306063
627305457
627304756
627304359
627303658
627303614
627303538
627303138
627303093
627303054
627302475
627300905
627300826
627300774
627300506
627300484
627300031
627299475
627299462
627297776
627297714
627293814
627291730
627291676
627291593
627288810
627288511
627288304
627288030
627287546
627134911
627125733
627118714
627117962
627116843
627116344
627115058
627114520
627095344
627095094
627091063
627090660
627082998
627072536
627069556
626971954
626971678
626969874
626969739
626967291
626963774
626960886
626957891
626952646
626949685
626947337
626942249
626939022
626920344
626920019
626911618
626908512
626907485
626907434
626907105
626897897
626897630
626896865
626892274
626891966
626883907
626875737
626873645
626872048
626862097
626859527
626855382
626845313
626836135
626835515
626834907
626831907
626829523
626826059
626818284
626796661
626796273
626794694
626794360
626775204
626773946
626773204
626772883
626771475
626767878
626767488
626766825
626757169
626756605
626754634
626754106
626616909
626572539
626547110
626510026
626509704
626509558
626506302
626505418
626505378
626504171
626503493
626503382
626502025
626502012
626501993
626501912
626501644
626501605
626498003
626461794
626433350
626431794
626430147
626429304
626428158
626427581
626394441
626022349
626018778
626006957
626006238
625929777
625925474
625908798
625898232
625868161
625856794
625855227
625847183
625846209
625844351
625844270
625843787
625842828
625781937
625766910
625756439
625732116
625688603
625687674
625676018
625671969
625670569
625669021
625661946
625660375
625660276
625658993
625657531
625656902
625654491
625654382
625643791
625620172
625583450
625544174
625541957
625540956
625540854
625539720
625539510
625539470
625538519
625538486
625538473
625537743
625537658
625537307
625537279
625537259
625537023
625536977
625536130
625534523
625534074
625529135
625529114
625528858
625528764
625527172
625401639
625391069
625390476
625390022
625381632
625369001
625368633
625365129
625364680
625362305
625360953
625355340
625335117
625332726
625332131
625331606
625330868
625330383
625267078
625258528
625253330
625252212
625249838
625246099
625241894
625240877
625237528
625236697
625233070
625231593
625229629
625216795
625216365
625214521
625214295
625213803
625213264
625212854
625212251
625211845
625210453
625210055
625209139
625198965
625196313
625195768
625195598
625195544
625195295
625195232
625194942
625194677
625194664
625194033
625193760
625193262
625192639
625192574
625192116
625191579
625187914
625187849
625187423
625187399
625187322
625187203
625186951
625186860
625186808
625186642
625186484
625186249
625185485
625185384
625185289
625184970
625184922
625184675
625184639
625184534
625184213
625184125
625184068
625183947
625182720
625182637
625182608
625182420
625182385
625182194
625181581
625181468
625181353
625181343
625181269
625180603
625180569
625180390
625180302
625180301
625180025
625179893
625179826
625179546
625179435
625179269
625179189
625179182
625164177
625019548
625005845
625005558
625004457
625001331
625001322
625000550
625000521
625000378
624999897
624999828
624999786
624999756
624999184
624999094
624998255
624998194
624997972
624997868
624997775
624997668
624997569
624997437
624997434
624976678
624943274
624923136
624897141
624895732
624894420
624892765
624864679
624862159
624860491
624856595
624816863
624797288
624772179
624763062
624744588
624731284
624731136
624730940
624730260
624730038
624729986
624729918
624716728
624716727
624716703
624716265
624715848
624715294
624714998
624714218
624714067
624714059
624713458
624713443
624713190
624712975
624712653
624712472
624712431
624712428
624712347
624712339
624712277
624711996
624711899
624711844
624711840
624711607
624711428
624711263
624711151
624710921
624710679
624710549
624710454
624710248
624710128
624709631
624624272
624623324
624622641
624621729
624621047
624620230
624619534
624618512
624617983
624614960
624614466
624613727
624613156
624612353
624612101
624611160
624610982
624610862
624610636
624610013
624609286
624608560
624607219
624606473
624606000
624605115
624604318
624579326
624576465
624575574
624574315
624573615
624568579
624568339
624567867
624564282
624554697
624554433
624553904
624527324
624514686
624508809
624498071
624481516
624475779
624470257
624453727
624453592
624449486
624449112
624448737
624448597
624448251
624445887
624435130
624430224
624404923
624404747
624404692
624403059
624402542
624392655
624243080
624175282
624175065
624174241
624174163
624173859
624172465
624172229
624095514
624093858
624093814
624092644
624092194
624091706
624091672
624091548
624091329
624091021
624090966
624090908
624090809
624090794
624090550
624090407
624090356
624090078
624090013
624089976
624089952
624089913
624089840
624089836
624089712
624089599
624089075
624076771
624076140
624075595
623985295
623929408
623916854
623915813
623865322
623840676
623824875
623823572
623821914
623819761
623790383
623783291
623782021
623781269
623780294
623780225
623779503
623779266
623777871
623777049
623774654
623772450
623763916
623763866
623763712
623763553
623763144
623762605
623762500
623762456
623762428
623762400
623762397
623762373
623762308
623759690
623759185
623758396
623757785
623751404
623751061
623750261
623750076
623746740
623724302
623719565
623716716
623714603
623713198
623709975
623690889
623661584
623637589
623624538
623608034
623606235
623605804
623605736
623604435
623603312
623601694
623601584
623600525
623487024
623484653
623482126
623480049
623479642
623470352
623458727
623457757
623457164
623456979
623453256
623449408
623448901
623445583
623436640
623427675
623412194
623410842
623410822
623410799
623410781
623410706
623410603
623371857
623357190
623341789
623336918
623331145
623331017
623330995
623330979
623294196
623287356
623287320
623287266
623285289
623285269
623285193
623284682
623284680
623284618
623254985
623251281
623250882
623245788
622980907
622978009
622977688
622976989
622970048
622956433
622956432
622955626
622952618
622952549
622937689
622930083
622930078
622928386
622928202
622925805
622924864
622923181
622834131
622833977
622832376
622784709
622779253
622778490
622777668
622776790
622776093
622770564
622641171
622639511
622622676
622621607
622616021
622600092
622590348
622590018
622588360
622587274
622586289
622585618
622585419
622584742
622584162
622583158
622582625
622580694
622573161
622556809
622551659
622551154
622549559
622548898
622548682
622548304
622548066
622547716
622547274
622546247
622545833
622544855
622544024
622540060
622538830
622537291
622525358
622522287
622522253
622521968
622521890
622521716
622520471
622520135
622519806
622519022
622518870
622518213
622518176
622517694
622517568
622517530
622517234
622517117
622517041
622516504
622514097
622513689
622513419
622511981
622511438
622511400
622511273
622511060
622511057
622511017
622510732
622510656
622510452
622506753
622440744
622428115
622427628
622426227
622425417
622424473
622423794
622423340
622421870
622420964
622420737
622420346
622419390
622418345
622417962
622417518
622416998
622416539
622416018
622415686
622414638
622413547
622411822
622390457
622368759
622367562
622366222
622365297
622364501
622364145
622363880
622363702
622266961
622266433
622260499
622260191
622259813
622259534
622259353
622259022
622255057
622251717
622244018
622243417
622240619
622223676
622222994
622222620
622221899
622216101
622215844
622215122
622214860
622214150
622213885
622213786
622211358
622211323
622203238
622202747
622134766
622110619
622099372
622096303
622095977
622084446
622084030
622080746
622080483
622050624
622039767
622038980
621948192
621947932
621945861
621945623
621939499
621939165
621937027
621936780
621935243
621929020
621928325
621928058
621913054
621912635
621910436
621900361
621899180
621897675
621896678
621893865
621892016
621890853
621890792
621889684
621889642
621888310
621887720
621887361
621883021
621805952
621783714
621783553
621783525
621783524
621783475
621783473
621681367
621670025
621667696
621666240
621665643
621664687
621663484
621663267
621662706
621662543
621662458
621662304
621661571
621661316
621659721
621659707
621658965
621658870
621658180
621657900
621657853
621657783
621657454
621657440
621657436
621657274
621657220
621657116
621656163
621655148
621654827
621654587
621303144
621302685
621242215
621239657
621232481
621197810
621197393
621196971
621196867
621196608
621195970
621177165
621176498
621141194
621129020
621128724
621128249
621127736
621127173
621108661
621108590
621108569
621108566
621107905
621107708
621107209
621035887
621035238
621034630
621034151
621033222
621032630
621032613
621032564
621032254
621032152
621031701
621031696
621031418
621031344
621031034
621030705
621030455
621030225
621030038
621029833
621029782
621029482
621029310
621028953
621028736
621028690
621028508
621028223
621028114
621027951
621027906
621027566
621027496
621027051
621027008
621026993
621026786
621026682
621026390
621026377
621026285
621025968
621025954
621025812
621025809
621025477
621025094
621025057
621025006
621024909
621024501
621024267
621024266
621023986
621023758
621023734
621023350
621023306
621023262
621022910
621022794
621022302
621022229
621021529
621013017
620986092
620952231
620929519
620929500
620928957
620924591
620871177
620870930
620870176
620869320
620865329
620865327
620863321
620862647
620854048
620651987
620615441
620609790
620509308
620508638
620507814
620506247
620504521
620502997
620496760
620480656
620442356
620441860
620436220
620436005
620435431
620432746
620432503
620431918
620431705
620428041
620425135
620421402
620413875
620410319
620410121
620402515
620402289
620399513
620384229
620376106
620373061
620355549
620354178
620339294
620337409
620325501
620310240
620308139
620307400
620305408
620305314
620296526
620291690
620276323
620271042
620269448
620269428
620266408
620266363
620266341
620265647
620264782
620264195
620264014
620261837
620258486
620257891
620257853
620257077
620256721
620256028
620256013
620255635
620255056
620245873
620241459
620235107
620189314
620153000
620148952
620148714
620146148
620145803
620145303
620144781
620141045
620139992
620129203
620113907
620103078
620102779
620102391
620101797
620092326
620084621
619949180
619942846
619935312
619850033
619847109
619847083
619847039
619846967
619846947
619843077
619801187
619799737
619798574
619798381
619798356
619798338
619798303
619798302
619798235
619798228
619798151
619798127
619798120
619798103
619798082
619783999
619732741
619732112
619731802
619731567
619731184
619727308
619724592
619574757
619572243
619566064
619562399
619557749
619550952
619550733
619543161
619533343
619529193
619522394
619516552
619510913
619507210
619502045
619501524
619498340
619497819
619494674
619494455
619489139
619486483
619480998
619459819
619455580
619451984
619448379
619443224
619432433
619432305
619427499
619426454
619422002
619405170
619395431
619390839
619379412
619360605
619360005
619346726
619325499
619303252
619295859
619292688
619260887
619258460
619257356
619256395
619254900
619248859
619244611
619240865
619240597
619240320
619236010
619235970
619234342
619233391
619227368
619224585
619224184
619223949
619223416
619223182
619222941
619222637
619222480
619221329
619221120
619220898
619220408
619220272
619220110
619220076
619218732
619218494
619218088
619218074
619217881
619217586
619217102
619216791
619216545
619216127
619215840
619215008
619214792
619214558
619214261
619214037
619205062
619184662
619133396
619131558
619095822
619079998
619079633
619079600
619078608
619052598
619051864
619051690
619051688
619051565
619050358
619049574
619047129
619046763
619046655
619046430
619046401
619046298
619046261
619046221
619046117
619045967
619045958
619045902
619045801
619045351
619045292
619044675
619044291
619029745
618996657
618996370
618989455
618979601
618975854
618972970
618971263
618970160
618968023
618966735
618966615
618966594
618965181
618964654
618957957
618957667
618957401
618957312
618957104
618956591
618945078
618942845
618942741
618911811
618911794
618910368
618910352
618906056
618906037
618905186
618905095
618904962
618897725
618885632
618885580
618854742
618851273
618850632
618847061
618844050
618843663
618843319
618834463
618823132
618822840
618822680
618822357
618822083
618820951
618820632
618820412
618807656
618807227
618806969
618806799
618806527
618806116
618805617
618804634
618803891
618801680
618801047
618800661
618800347
618798599
618797905
618795645
618795260
618795051
618794019
618793998
618783410
618782010
618781362
618781111
618698367
618672964
618672907
618655828
618649097
618647630
618644736
618639599
618639573
618519182
618511352
618507582
618506927
618506172
618505272
618504638
618482838
618467393
618466887
618466004
618465669
618465261
618424541
618422441
618417712
618414781
618387308
618386208
618385932
618385608
618385402
618384859
618384825
618384247
618384229
618384203
618383907
618383793
618383716
618383705
618383417
618382955
618382423
618366819
618366350
618365589
618365170
618348085
618347527
618337623
618326882
618266923
618266724
618200108
618194109
618193505
618192346
618191640
618191023
618190982
618189413
618187243
618187014
618186673
618186458
618183078
618182790
618182350
618182223
618182035
618181909
618170845
618154636
618154555
618147988
618146621
618124914
618110917
618109039
618108962
618108812
618106096
618105687
618105257
618100838
618099132
618097812
618093919
618089711
618068184
618067570
618066585
618065039
618058758
618058512
618058184
618057958
618056735
618056228
618055566
618054960
618054197
618031574
617959279
617959036
617958723
617958657
617958266
617957755
617957327
617956696
617954411
617951773
617948716
617947642
617941852
617941214
617940827
617940480
617940070
617939945
617939646
617939623
617939460
617939274
617939147
617938560
617938327
617933816
617933202
617929476
617928494
617911896
617910891
617908801
617895257
617866968
617866284
617858534
617858122
617854037
617833198
617831518
617831308
617831221
617831188
617831174
617831152
617831140
617829413
617827573
617827265
617827081
617825704
617822204
617816255
617814094
617813254
617792929
617792618
617784309
617779613
617779584
617779043
617778694
617778494
617778444
617778332
617778207
617778149
617777961
617777944
617777769
617777668
617777521
617776939
617776807
617776668
617776637
617776354
617776286
617776129
617776117
617775968
617775539
617775414
617775364
617775066
617775018
617774938
617774562
617774341
617774115
617773832
617773731
617773632
617773270
617772931
617772709
617772354
617771865
617771380
617771043
617770637
617770423
617769847
617769827
617769468
617765529
617734294
617685681
617681703
617680954
617680136
617679787
617654207
617629074
617596638
617595076
617572708
617569261
617557543
617556909
617556445
617543098
617538358
617527290
617521602
617521228
617520574
617520080
617519746
617514638
617514429
617514035
617513981
617513522
617512877
617505571
617447256
617438164
617415105
617401383
617394630
617394457
617393572
617392780
617392102
617391309
617390656
617390625
617390392
617388699
617387951
617386543
617386423
617386330
617386178
617384605
617383470
617382602
617381707
617380657
617378866
617378156
617377688
617376701
617376252
617375025
617374264
617373254
617319122
617312074
617309761
617300051
617299664
617298661
617296974
617296959
617295818
617292589
617287082
617284522
617280560
617269008
617266916
617238951
617238807
617238479
617229238
617192393
617188088
617188018
617187783
617186888
617186657
617185277
617184062
617183949
617182991
617182639
617180760
617179173
617178460
617177878
617177338
617177315
617175420
617175356
617173775
617173479
617172401
617172345
617165808
617165663
617161103
617161100
617159822
617157576
617156739
617156662
617156659
617156644
617151993
617151756
617151386
617148969
617148679
617148346
617148147
617147540
617144819
617138730
617134827
617134385
617133632
617133576
617133536
617133198
617133046
617132778
617132686
617132659
617132235
617130402
617130018
617129977
617129745
617129324
617129235
617128491
617128266
617127954
617127767
617127428
617127022
617126680
617126603
617125858
617125431
617124876
617123864
617123033
617123020
617122459
617122346
617121903
617121787
617121529
617121403
617121117
617121000
617120762
617120364
617120155
617119296
617118758
617118403
617118392
617118228
617112303
617111867
617111246
617110885
617110837
617110272
617110222
617109701
617109551
617109513
617105822
617105804
617105151
617104702
617104529
617104026
617104013
617102620
617101675
617101137
617100450
617100264
617099478
617099437
617098865
617098359
617098261
617096892
617096066
617095583
617095089
617033625
617028574
617024982
616997193
616980924
616980751
616978969
616978763
616974968
616972857
616972558
616934080
616916558
616910100
616799958
616760699
616757190
616756708
616755896
616755862
616752430
616751414
616750420
616750246
616750222
616745610
616745393
616737487
616732946
616732586
616730284
616730185
616727841
616725667
616712784
616712763
616707585
616671309
616671226
616670679
616665678
616665531
616657270
616653907
616649012
616643326
616641206
616641059
616640999
616639667
616635181
616634090
616632398
616631745
616631543
616618182
616615481
616599868
616597777
616595662
616592674
616591398
616589881
616586222
616582974
616582884
616579348
616576524
616568479
616568449
616552014
616550116
616547642
616547609
616546368
616535812
616529568
616528440
616471425
616459927
616329551
616325749
616308411
616304019
616294468
616293975
616288115
616285540
616283645
616282346
616249530
616203100
616202285
616201717
616201695
616200293
616198043
616197472
616197163
616196653
616194683
616194609
616194047
616193287
616193266
616189611
616037572
616023073
615999154
615718144
615347732
615346857
615345265
615345245
615345241
615345163
615345143
615344927
615344900
615342504
615341797
615341776
615340610
615340425
615340404
615340377
615337473
615336280
615334819
615333641
615333629
615333613
615332033
615332027
615331381
615331368
615331359
615329526
615329104
615329028
615329008
615328291
615303686
615296484
615294934
615239553
615235882
615234083
615213866
615212771
615212195
615207364
615202474
615202194
615186313
615175020
615168147
615145404
615083327
615079885
615064657
615057309
615047982
615047796
615032913
615010062
614997074
614997046
614993303
614992167
614992157
614992003
614991940
614987983
614976124
614974360
614973273
614971778
614970603
614964956
614964837
614964542
614963495
614963447
614961838
614960958
614960793
614960189
614959979
614959917
614959776
614959688
614959440
614959423
614959340
614959151
614958778
614958627
614958253
614958218
614958194
614957719
614957651
614957459
614957182
614957124
614957122
614957047
614956996
614956889
614956831
614956815
614956734
614956732
614956471
614956457
614956361
614956263
614955123
614955054
614955017
614954941
614954874
614954666
614954636
614954617
614954615
614954604
614954603
614954538
614954448
614954446
614954444
614954362
614954347
614954288
614954237
614954184
614945949
614945263
614930776
614892327
614891727
614883582
614882815
614881285
614879248
614879221
614877860
614877719
614875393
614874932
614874387
614872834
614872783
614872402
614872388
614871007
614870952
614870627
614870430
614867224
614864821
614864544
614864533
614864526
614864516
614864487
614864448
614864440
614559116
614498632
614479866
614475782
614441545
614342592
614338078
614337681
614337403
614336763
614328680
614327141
614326888
614322550
614322116
614321650
614321432
614319973
614319761
614314895
614314323
614313960
614313079
614234795
614227631
614225990
614223113
614222906
614221142
614220644
614220624
614220017
614219136
614214763
614213419
614211273
614211105
614211074
614210972
614210585
614206858
614206312
614206234
614202587
614202000
614194637
614193258
614189179
614188799
614187783
614187387
614185385
614185363
614185351
614185304
614185231
614185228
614185194
614185139
614185091
614185070
614180201
614179345
614179283
614179143
614178967
614178133
614177710
614177595
614056574
614053913
614017712
614011838
614010258
614008845
614007775
614005890
613829566
613642160
613639276
613638912
613638860
613638121
613637933
613636880
613636094
613633276
613633180
613615129
613579556
613509492
613404838
613349640
613349218
613347464
613347405
613347270
613344465
613343662
613320184
613280486
613206094
613199347
613198891
613194676
613194237
613192291
613187877
613187275
613182726
613182030
613181538
613181298
613180741
613179521
613179118
613173562
613169396
613169020
613137872
613137869
613137493
613135054
613134761
613134056
613133711
613133364
613133310
613132897
613132395
613131693
613130790
613116766
612968561
612964339
612951486
612950590
612893808
612859455
612830916
612823362
612823269
612812480
612810091
612806629
612798533
612794529
612794517
612793981
612793314
612791018
612790966
612790278
612789876
612789771
612789501
612789251
612787912
612787878
612787157
612786940
612786924
612786658
612786546
612786202
612786189
612785597
612785285
612785012
612784778
612784688
612784372
612783901
612783496
612783365
612779892
612778026
612777996
612777421
612776965
612776254
612776042
612775839
612765138
612751925
612751748
612751415
612750860
612750404
612749732
612743864
612739076
612738854
612732704
612718302
612718088
612710814
612691490
612688623
612687120
612566712
612558971
612534963
612493273
612457333
612456073
612443543
612424625
612422298
612365848
612323812
612301085
612270308
612265960
612263647
612248607
612228298
612226160
612226121
612217607
612217016
612216344
612216195
612211990
612205887
612205874
612194774
612188136
612187141
612173838
612167512
612155683
612154267
612147497
612143825
612143525
612138564
612138519
612130991
612130689
612129640
612124838
612116723
612108004
612105575
612100746
612099034
612097318
612093133
612091214
612090970
612086273
612084489
612073525
612064676
612061421
612060213
612059030
612049451
612043040
612039139
612026242
612023547
612023289
612021797
612009357
611998171
611992359
611992204
611991534
611991374
611988969
611988952
611985303
611981425
611978776
611977053
611975036
611974599
611974552
611974536
611973537
611973530
611973504
611970887
611967537
611967509
611966575
611965933
611965903
611964916
611964860
611964819
611964490
611961634
611961531
611961481
611961443
611961396
611954849
611954088
611949328
611947355
611943981
611941448
611941440
611938475
611936530
611935190
611933925
611933904
611933892
611933891
611933858
611933812
611933803
611933785
611933688
611933680
611933646
611933640
611932094
611932078
611931201
611931115
611930517
611907296
611906751
611906609
611906593
611905699
611905669
611905641
611900242
611898034
611883751
611883627
611881810
611878127
611872568
611872179
611872150
611870381
611865348
611858003
611854161
611854084
611850572
611850522
611847862
611847857
611841213
611841195
611839592
611839065
611829165
611829005
611828867
611813848
611809746
611808005
611804510
611771167
611731302
611725517
611722235
611721561
611720053
611717579
611713723
611710533
611705830
611697281
611695031
611692318
611690399
611690047
611684188
611560940
611529394
611527855
611527833
611523763
611523661
611523393
611523314
611523258
611523240
611523092
611523012
611493264
611488601
611486638
611486584
611486547
611486176
611486168
611486162
611484741
611304249
611251735
611249134
611248831
611247976
611247911
611247442
611240544
611239420
611197091
611172606
611133479
611131024
611122482
611113827
611113768
611113403
611113236
611113163
611113006
611111165
611102625
611100475
611063779
611061912
611059003
611058424
611058418
611057722
611054230
611053003
611052486
611051156
611047880
611046950
611046319
611040983
611040761
611038724
611037990
611036077
611035940
611034121
611029340
610995605
610987714
610984302
610980441
610979719
610979093
610974585
610957319
610952638
610950354
610950236
610949944
610943743
610942740
610917798
610917087
610913020
610908380
610898426
610892948
610892535
610891221
610889775
610889413
610889158
610886873
610886704
610886637
610885563
610882979
610872551
610872494
610870635
610863114
610840404
610840140
610831876
610831863
610825619
610824004
610814666
610813556
610813338
610808712
610808478
610808348
610807755
610789142
610771541
610735450
610706815
610583680
610571573
610570658
610569917
610568384
610568342
610567966
610567894
610567604
610567561
610566960
610565927
610565884
610564567
610564237
610564147
610564032
610564001
610563964
610563917
610563880
610563744
610563531
610563276
610563178
610562013
610561759
610561618
610561599
610561562
610561556
610561495
610561477
610561256
610561206
610561115
610561089
610560865
610560855
610560791
610560691
610560666
610560619
610560550
610560543
610560469
610560458
610560450
610560064
610559962
610559818
610559727
610559717
610559609
610559518
610559494
610556729
610556290
610552209
610548890
610120348
610119626
610115327
610114768
610113693
610113035
610032687
610032178
609978705
609951727
609951400
609950770
609950764
609950401
609950088
609950047
609949889
609949746
609949696
609949671
609949124
609949080
609948764
609948630
609948416
609948226
609947928
609796004
609787347
609769657
609733265
609702350
609633440
609464594
609463835
609460827
609451341
609450780
609450693
609447688
609444681
609438811
609438015
609437020
609427340
609427181
609427149
609425931
609425836
609425238
609424670
609424565
609422781
609422774
609422716
609422715
609422699
609422481
609422341
609422226
609422179
609422112
609421880
609421717
609421690
609421615
609421566
609421242
609421205
609421130
609421073
609419923
609419916
609419880
609419877
609419835
609419308
609418401
609418182
609418117
609418014
609417653
609412536
609411976
609404550
609403117
609401585
609401214
609401132
609401113
609399903
609399835
609398027
609397122
609391093
609386809
609385612
609385596
609384604
609384469
609382472
609366593
609364441
609363239
609357700
609357495
609356513
609350313
609348843
609348131
609348073
609345984
609345777
609345632
609344498
609344401
609341894
609341283
609341094
609340593
609339805
609336860
609335928
609335704
609334094
609333171
609330204
609329395
609328470
609328018
609326762
609326625
609326090
609324408
609321955
609321902
609310415
609295813
609286537
609283256
609281114
609281027
609273393
609272893
609271701
609269402
609269103
609267933
609265180
609265030
609264860
609264804
609258272
609256563
609256553
609256375
609255916
609255371
609254688
609252733
609249696
609246126
609240144
609238131
609237828
609235801
609235513
609228286
609210288
609209260
609207764
609206044
609204768
609200431
609091045
609090921
609090785
609090671
609090566
609090471
609090449
609090240
609059666
609058704
609058086
609051376
609022458
609005904
608957013
608956532
608942532
608909477
608902975
608892251
608891298
608836933
608744047
608743854
608743637
608740804
608736602
608736527
608735942
608733641
608731436
608729462
608729268
608707940
608611919
608587031
608564056
608529140
608509843
608509637
608484052
608463081
608441658
608417675
608417088
608414619
608414054
608413255
608405418
608397085
608376792
608356877
608351942
608351287
608318685
608312885
608309102
608309031
608293034
608239027
608236614
608234364
608228659
608228528
608228406
608228266
608218318
608208492
608187191
608178522
608177515
608159875
608159619
608154686
608154422
608152396
608152374
608151435
608151372
608151306
608151289
608149398
608149360
608147504
608147431
608147425
608147401
608147376
608146544
608146066
608146046
608146038
608146016
608143771
608143713
608143659
608143643
608130052
608116378
608077482
608074340
608064842
608063837
608062339
608059306
608058782
608058633
608047277
608046654
608046583
608043618
608043350
608042213
608041352
608040129
608039618
608027967
608025600
607998815
607996943
607988855
607894088
607893405
607892763
607883328
607883327
607881961
607881645
607881233
607880572
607878235
607877646
607875597
607872982
607872319
607872266
607871689
607871658
607870909
607868340
607713987
607713964
607709057
607707623
607707620
607706663
607652546
607617867
607616817
607610800
607607243
607488349
607484810
607475844
607434353
607433470
607414838
607414599
607414287
607373481
607372705
607289682
607279239
607273920
607273338
607273120
607268595
607268572
607268535
607265913
607265796
607264536
607237332
607237319
607236988
607236980
607236978
607236968
607236750
607236749
607223441
607222689
607214184
607214179
607214178
607214141
607214111
607214065
607214043
607212170
607212164
607211190
607211157
607210408
607210127
607210095
607210060
607210017
607210009
607209535
607209324
607208912
607208652
607208627
607208582
607207906
607207621
607207590
607207467
607207404
607207318
607207272
607207110
607206898
607206067
607205709
607205515
607200851
607186306
607161983
607156352
607156145
607153752
607153504
607151925
607151565
607140395
607119678
607118685
607113502
607106839
607106618
607106595
607058822
607058820
607058813
607058796
607058794
607058783
607058761
607028835
606941307
606940672
606939858
606939828
606939685
606939506
606938839
606937960
606937896
606937890
606937880
606937854
606917830
606856567
606855964
606855602
606855034
606854178
606818074
606817909
606817828
606817702
606817514
606817467
606817405
606816866
606816846
606815272
606815249
606815229
606815225
606815202
606815161
606815050
606815028
606815014
606814988
606814987
606814983
606783149
606772295
606770204
606770118
606722472
606722251
606722235
606722229
606722218
606719759
606719730
606719278
606718607
606718239
606712154
606711640
606710046
606708827
606708751
606692182
606691345
606673472
606672969
606665596
606665350
606662917
606654854
606654458
606654343
606653733
606653730
606653713
606653617
606652805
606652342
606652044
606651669
606620146
606610139
606605501
606605412
606605404
606604954
606603665
606603643
606603519
606603496
606603384
606603331
606601352
606600926
606599659
606599018
606598304
606598070
606597545
606597451
606545043
606544900
606542621
606542132
606541280
606541215
606539866
606538403
606530178
606528754
606458363
606457995
606447180
606329618
606310780
606275325
606129825
606129431
606129262
606096446
606077653
605852152
605843981
605843125
605811080
605808571
605807997
605807087
605788551
605715025
605585827
605585761
605583612
605581614
605566699
605561752
605561720
605559157
605558365
605558101
605558022
605558013
605557978
605557061
605555483
605555464
605553779
605553551
605542163
605536418
605534861
605534828
605534665
605534628
605532350
605531152
605530674
605528518
605528223
605527076
605522317
605515884
605515788
605426661
605405172
605405148
605405056
605401606
605395402
605393847
605393841
605393805
605393761
605390579
605383481
605382315
605382262
605382200
605382125
605382106
605381641
605329832
605292064
605092910
605092906
605092763
605091091
605091065
605091006
605090961
605090949
605086329
605024642
604984148
604889173
604842975
604838706
604835549
604820855
604805722
604804320
604803992
604802206
604802104
604802062
604801311
604801297
604801293
604801265
604801217
604727651
604727621
604699568
604690416
604685385
604684761
604684615
604684241
604684237
604683538
604683457
604683441
604683436
604682384
604682301
604672610
604671589
604671579
604671463
604671291
604671276
604671221
604671183
604671179
604671038
604670844
604670773
604670662
604670465
604670030
604669918
604669866
604669470
604669373
604669304
604663509
604654659
604654105
604653969
604653957
604653925
604653843
604653747
604653318
604610647
604609307
604599176
604555282
604487524
604483723
604479272
604469208
604464818
604443804
604419270
604417898
604388950
604388175
604383215
604279351
604278367
604269035
604260435
604260246
604255078
604252496
604149436
604130617
604130598
604130582
604130575
604130570
604129588
604129063
604128969
604128729
604128681
604128680
604128444
604128277
604128101
604127618
604126011
604125975
604125827
604125786
604125606
604125580
604125561
604125258
604125052
604125007
604124927
604124617
604124604
604124594
604123127
604121711
604120650
604120428
604119906
604119174
604086062
604043480
604039788
604025121
604022943
604016734
604016730
604015466
604011619
604004522
604003923
603996697
603996486
603996373
603996243
603995885
603992838
603992612
603992426
603992068
603989488
603988798
603988604
603987259
603986858
603985821
603980991
603973322
603971725
603966868
603965458
603960756
603957267
603953830
603950578
603948322
603947897
603947887
603945320
603939435
603933158
603920718
603914073
603889432
603888211
603872349
603865946
603863108
603862675
603862440
603860984
603855446
603855144
603853254
603845321
603843851
603843231
603841053
603834882
603834335
603832703
603832446
603831395
603831021
603830988
603830954
603830900
603830850
603830751
603830622
603830359
603830344
603830315
603830292
603830247
603830229
603830142
603830130
603830121
603830117
603830108
603830072
603829883
603823987
603804454
603799545
603795905
603793038
603790182
603776672
603775386
603767852
603767542
603766512
603763837
603735682
603711169
603710848
603710297
603707292
603700426
603699994
603697532
603696837
603695889
603688561
603685319
603675532
603674938
603674908
603674054
603673595
603673372
603665635
603664770
603664707
603664566
603661228
603655867
603655280
603654717
603649893
603649872
603643708
603638092
603627194
603626029
603596259
603595868
603593803
603593378
603593101
603592589
603592261
603586809
603586461
603586023
603585824
603578169
603442386
603442070
603442036
603442025
603442022
603442021
603442014
603442012
603442008
603442003
603441987
603441965
603441962
603441958
603441954
603441949
603441945
603441941
603441939
603441922
603441920
603441905
603441897
603441893
603441891
603441890
603441888
603441868
603441861
603441856
603441854
603441851
603441847
603441842
603441840
603441819
603441809
603441799
603441656
603441480
603431765
603430227
603398037
603397331
603392464
603391454
603391249
603384590
603383593
603339666
603336935
603334775
603332727
603318777
603315708
603315325
603312047
603311355
603309646
603306450
603306112
603304941
603301666
603301451
603297429
603297063
603296101
603295503
603290991
603290747
603290395
603290044
603287673
603287128
603286846
603282758
603246180
603245875
603244884
603244872
603243483
603182407
603181696
603181318
603181247
603180972
603178746
603177332
603176987
603176959
603176387
603175974
603175776
603175375
603172918
603172558
603172352
603171016
603170759
603170066
603169372
603169249
603167867
603166643
603164956
603162276
603160984
603159957
603156420
603156162
603151862
603148578
603148430
603147373
603146556
603108897
603016228
602898538
602895029
602894720
602891597
602888560
602885731
602881733
602876687
602854903
602802331
602799869
602796602
602795303
602780825
602768770
602723748
602713605
602702294
602692865
602692792
602692772
602692644
602692636
602692632
602692275
602690444
602690430
602690406
602690016
602689864
602689816
602689493
602689490
602689447
602689416
602689402
602686161
602685012
602684237
602683206
602681579
602680502
602679628
602679206
602674732
602665198
602664513
602663590
602638381
602633626
602633467
602631702
602620564
602612210
602499578
602488940
602487339
602485581
602484905
602484073
602481186
602474734
602473187
602472761
602470727
602451015
602364461
602363982
602359507
602358140
602341389
602326544
602325438
602325105
602324904
602324850
602324827
602324666
602324521
602324304
602324236
602323837
602323833
602323724
602323716
602323706
602323437
602323423
602323317
602322937
602322796
602322753
602322023
602321959
602321547
602321426
602321306
602321283
602320528
602320460
602320201
602320104
602314227
602312802
602309120
602308282
602298408
602298382
602292537
602292477
602291328
602289145
602286497
602286298
602285850
602285205
602279878
602278481
602278473
602277629
602276543
602276249
602276150
602275440
602273830
602271236
602271053
602269976
602269561
602269545
602269539
602269445
602269435
602267970
602266285
602266283
602259717
602259710
602239512
602222905
602222888
602222725
602215995
602213071
602212432
602200580
602121638
602120329
602119093
602118856
602118561
602118350
602116345
602116046
602116021
602115893
602115875
602115082
602114433
602112724
602112718
602112631
602112622
602112363
602110109
602110091
602110083
602100505
602099146
602098779
602098257
602097105
602093672
602092849
602081630
602081362
602081309
602081267
602081202
602081199
602076457
602069843
602066945
602066815
602066795
602066754
602066744
602066673
602063910
602063590
602063414
602062453
602062323
602062086
602061533
602060953
602060304
602038127
601993290
601990319
601990053
601990016
601989906
601989807
601989705
601989439
601964213
601962247
601958842
601929349
601927325
601927145
601926244
601909791
601840048
601716149
601714962
601713210
601708866
601707626
601699981
601633869
601633731
601633010
601624189
601619185
601574611
601550695
601494232
601493631
601486783
601484334
601484289
601484258
601484234
601484201
601483974
601483902
601483664
601482912
601482808
601482768
601482168
601481506
601481234
601481050
601468619
601450821
601450330
601424384
601424009
601419043
601417109
601399732
601396179
601394509
601391436
601389228
601297430
601295031
601289668
601289637
601288885
601287324
601277033
601266882
601266834
601265429
601264293
601262694
601250826
601181288
601172035
601125609
601123773
601123123
601123086
601118527
601100723
601086882
601086493
601085881
601083338
601083336
601080137
601077482
601077026
601047482
600975819
600975304
600971688
600964003
600963908
600962628
600961079
600960516
600947209
600944936
600943662
600940678
600918875
600918355
600915111
600914853
600913674
600898200
600871807
600869866
600861581
600854343
600849239
600848958
600837205
600823457
600808621
600807330
600790706
600774890
600772505
600750833
600727869
600726373
600725836
600722252
600696710
600691856
600683548
600683516
600681268
600578055
600576582
600561149
600560603
600558339
600543655
600465086
600434986
600399288
600333766
600332029
600328667
600324631
600319803
600315232
600301494
600299840
600288887
600288379
600288132
600286370
600285951
600284519
600280663
600280538
600279567
600279324
600276620
600276284
600271461
600269226
600268725
600267844
600265308
600258944
600258265
600258148
600257941
600257875
600257635
600257557
600257297
600256743
600256540
600255277
600255051
600251566
600250229
600249253
600248092
600247289
600245872
600161320
600155221
600146962
600143559
600143275
600141840
600141685
600141191
600140981
600140030
600139794
600136328
600135991
600133415
600129013
600127725
600127038
600123073
600122653
600118029
600117098
600116785
600115435
600112300
600110276
600109936
600109575
600109273
600108639
600108500
600106876
600106010
600105544
600104252
600103162
600103144
600102760
600102685
600102662
600102291
600100187
600097983
600097003
600096341
600096318
600096311
600096223
600096186
600096128
600096126
600088674
600088672
600088670
600088458
600081634
600073082
600056984
600056949
600056394
600052045
600049438
600048777
600048710
600045718
600045147
600038238
599990743
599989631
599989562
599985019
599984217
599983912
599981512
599981339
599981138
599976470
599975810
599975535
599974054
599973621
599973320
599973058
599971180
599970760
599959792
599956105
599955083
599954318
599953414
599953066
599951950
599951486
599950853
599949558
599949182
599948318
599947690
599939826
599909877
599909221
599873832
599873275
599873273
599873187
599865446
599862431
599846809
599846289
599846243
599843991
599843959
599843869
599834596
599832792
599828773
599827608
599826727
599823480
599823272
599820662
599814349
599813160
599807203
599804199
599794311
599794256
599793525
599793185
599793180
599792449
599791375
599789633
599789611
599780811
599774862
599770349
599769700
599764584
599763938
599759679
599759113
599758246
599756323
599750584
599734734
599728609
599728602
599727769
599727282
599723785
599721804
599721124
599711772
599711617
599700474
599692563
599689623
599680859
599673280
599657781
599640353
599639008
599634908
599632378
599629632
599615023
599595874
599576840
599572319
599566825
599551592
599546040
599539963
599538275
599534977
599530450
599526313
599518929
599515193
599511218
599504766
599497924
599465155
599459022
599450041
599447560
599444884
599436816
599423744
599416567
599371761
599368303
599365965
599365464
599362162
599358031
599349552
599347682
599345127
599338843
599338384
599336817
599331859
599331504
599328655
599323477
599315725
599314298
599312872
599311450
599310645
599308285
599307476
599307165
599305674
599305532
599305271
599303844
599300858
599299895
599299455
599298915
599296475
599295680
599292265
599291475
599285627
599283800
599280391
599277121
599272010
599271456
599269525
599269402
599268538
599268317
599267898
599265455
599265316
599264473
599263791
599263233
599252324
599248849
599235230
599233013
599232246
599219486
599212409
599209768
599203743
599159725
599135311
599125921
599090245
598974849
598896146
598894177
598824909
598824849
598822744
598820907
598820701
598820312
598819970
598819884
598817083
598815591
598814419
598813388
598813317
598813285
598812541
598812495
598811842
598811239
598811219
598810353
598809562
598808146
598806614
598806383
598805930
598804029
598790849
598783246
598783023
598780861
598775058
598738770
598724690
598711451
598699012
598689012
598686420
598671818
598669579
598641830
598641632
598641533
598640502
598633293
598633210
598632350
598567897
598567300
598565707
598564470
598562054
598553312
598543720
598519208
598512206
598503231
598501923
598500136
598496438
598491894
598491024
598487761
598482736
598481477
598478907
598475609
598475392
598474886
598473735
598473616
598473006
598470901
598468361
598422289
598394772
598388688
598377249
598358838
598347882
598338163
598335867
598334800
598333679
598330247
598231453
598227996
598226179
598224660
598219917
598219414
598218251
598216729
598205741
598205556
598205181
598204350
598204211
598204162
598204060
598204000
598203984
598203952
598203934
598203878
598203869
598195696
598192118
598189896
598184899
598183133
598181701
598179566
598179307
598179240
598178860
598178780
598177647
598176184
598175084
598174883
598173400
598171632
598169993
598168706
598167546
598167467
598166776
598162991
598159898
598157212
598153685
598148677
598132957
598129214
598126235
598125710
598120847
598120310
598116053
598115602
598113175
598107240
598106709
598106275
598083824
598083806
598082772
598082658
598081765
598081166
598079514
598078622
598076803
598076268
598076224
598058819
598057762
598039159
598029443
598024781
597977909
597976824
597954640
597953477
597944902
597942191
597942002
597940968
597937595
597937068
597935665
597926366
597926001
597925372
597925176
597917685
597917112
597916968
597911245
597910517
597910358
597907741
597863819
597863250
597862932
597786815
597772086
597770792
597759678
597759433
597759160
597755003
597749148
597687184
597674024
597648228
597571347
597567281
597561675
597548799
597536920
597500611
597471155
597303309
597218949
597202272
597201154
597198953
597169411
597156296
597152093
597133622
597085926
597053533
597052720
597042918
597042844
597041883
597041471
597040687
597040446
597034631
597027905
597019863
596971606
596969553
596969544
596969543
596969535
596969517
596968469
596967741
596966563
596963423
596936118
596936114
596934588
596928630
596922771
596917943
596912730
596912706
596909324
596908881
596903555
596900771
596900520
596900070
596899771
596899550
596899268
596896532
596895733
596895588
596895096
596892378
596892071
596882557
596881155
596879072
596879054
596879032
596878991
596878897
596878402
596875526
596875005
596874547
596862357
596846777
596828363
596797123
596787017
596772671
596770522
596766326
596765929
596755270
596749928
596740248
596728536
596721529
596708792
596708347
596705864
596703291
596679723
596674466
596669853
596664568
596614261
596613552
596612230
596590524
596561159
596519640
596490965
596446860
596429600
596428597
596410107
596405056
596399490
596398968
596397336
596394538
596338878
596338254
596336676
596334986
596333942
596295411
596295120
596294592
596294234
596289287
596289041
596288757
596288193
596287843
596287249
596286949
596286077
596285712
596284705
596284434
596283578
596283225
596281747
596280815
596279539
596260480
596259581
596257307
596255651
596214705
596212354
596114942
596108578
595982200
595978515
595970859
595969864
595891013
595854986
595850911
595850543
595842075
595839766
595839749
595837882
595837661
595837613
595836864
595827505
595825919
595824100
595818876
595817909
595814850
595814848
595814723
595806750
595806397
595806056
595804370
595804173
595804108
595803723
595803301
595800917
595800886
595800873
595800848
595800638
595800565
595800431
595798443
595798438
595798177
595797907
595793596
595793453
595793221
595793115
595793106
595791956
595791873
595789469
595789086
595787972
595787896
595787889
595787862
595787778
595787761
595779343
595645835
595631783
595631355
595622877
595622866
595603542
595603251
595600683
595599418
595587568
595586671
595579652
595579607
595574947
595574833
595574152
595570031
595569520
595566099
595561146
595381448
595361857
595357991
595357316
595355770
595355748
595354150
595348617
595347117
595341995
595326564
595326470
595324323
595324089
595323843
595322114
595320946
595317875
595316891
595315309
595309503
595300430
595300138
595299788
595297819
595295124
595270448
595240163
595238364
595231856
595225128
595219541
595218694
595217807
595216239
595215431
595209525
595199593
595194710
595188386
595187288
595187252
595185094
595185045
595176966
595176305
595152464
595004860
595001393
594990544
594965703
594863261
594862851
594852425
594851469
594848994
594833475
594816003
594812867
594790906
594789418
594780158
594773094
594771717
594769730
594769716
594769700
594767928
594766340
594764571
594764484
594764475
594764464
594764447
594764444
594764415
594763017
594762998
594754751
594754479
594753716
594753656
594752692
594751250
594751207
594751184
594751173
594751171
594750923
594746652
594739580
594727548
594710874
594706739
594703194
594688684
594679668
594677659
594670359
594667075
594666610
594666034
594663977
594663933
594663830
594663755
594636279
594628922
594607377
594598641
594487848
594456776
594409242
594349035
594215500
594201839
594169522
594052251
594040380
594023401
594019749
594016787
594016209
593995685
593913085
593862199
593861401
593855261
593841390
593731330
593730361
593721116
593687561
593687138
593685527
593684801
593684115
593681877
593668609
593666773
593665506
593658186
593657148
593656620
593594799
593592758
593590971
593511515
593510388
593509723
593509122
593508288
593507736
593507218
593506620
593506056
593505420
593504912
593504372
593503432
593496775
593493445
593492387
593491570
593467653
593467596
593467304
593465321
593465319
593465246
593465161
593456547
593448537
593437629
593437230
593436687
593436676
593436640
593436618
593436326
593436156
593435687
593414584
593413178
593409484
593406997
593406118
593401435
593372696
593313553
593273839
593160155
593158510
593149314
592886891
592885403
592885339
592883674
592883666
592831297
592803213
592796673
592796541
592780380
592779742
592775299
592775117
592754972
592717132
592713611
592709102
592706141
592691899
592690909
592690783
592689691
592660309
592652369
592649910
592643824
592640579
592639890
592632876
592630666
592626145
592626124
592606647
592601445
592589856
592583313
592583093
592565699
592565381
592546938
592458235
592457383
592453963
592453636
592428646
592356608
592263311
592261731
592228817
592221678
592211725
592211568
592207643
592207334
592207272
592206139
592190752
592190747
592167378
592119688
592096041
592095881
592065667
592053574
592053327
592053292
592053285
592053252
592053214
592050167
592050060
592045736
592043866
592043845
592039293
591997728
591985997
591901077
591859284
591840034
591746641
591702877
591653990
591633176
591192305
591151111
591128203
591079879
590759692
590544632
590466451
590416882
590315395
590315229
590315219
590315218
590293549
590292756
590236770
590145014
589757232
589581397
589522937
589518528
589518506
589518505
589518486
589512050
589512047
589511824
589503501
589502630
589299078
589298988
589298035
589297882
589297631
589297432
589297176
589297014
589296872
589296456
589296264
589296107
589295952
589295362
589294510
589294173
589293901
589293726
589293216
589292995
589292808
589292652
589291761
589291706
589291702
589291640
589291621
589291583
589291554
589291545
589291479
589291412
589291325
589291323
589291116
589290995
589290886
589290820
589290780
589290721
589290711
589290591
589290588
589290506
589290444
589290364
589290354
589290331
589290329
589290254
589290247
589290140
589290000
589289983
589289895
589289890
589289871
589289864
589289786
589289783
589289746
589289729
589289722
589289718
589289656
589289635
589289573
589289568
589289559
589289531
589289495
589289460
589289453
589289406
589289369
589289346
589289338
589289333
589289292
589289291
589289269
589289245
589289220
589289215
589289146
589289103
589289101
589289099
589289001
589288960
589288946
589288817
589288749
589288748
589288744
589288728
589288672
589288671
589288631
589288620
589288592
589288590
589288525
589288511
589288488
589288441
589288349
589288281
589288108
589288001
589287994
589287964
589287922
589287910
589287908
589287904
589287892
589287881
589287800
589287782
589287780
589287776
589287738
589287728
589287681
589287679
589287674
589287622
589287610
589287574
589287563
589287487
589287402
589287380
589287355
589287316
589287216
589287212
589287204
589287202
589287122
589287116
589287091
589287081
589287033
589286830
589286676
589285538
589285466
589285463
589285342
589285312
589285263
589285228
589285197
589285103
589284988
589284502
589284330
589284186
589284165
588873960
588868271
588741889
588706093
588704846
588688192
588686958
588684476
588681489
588681285
588586851
588583388
588566576
588548471
588534754
588532183
588519785
588519641
588519633
588519350
588519324
588518905
588518881
588518874
588518739
588518682
588518632
588518528
588518433
588518296
588518264
588518249
588518143
588517619
588517566
588517543
588511321
588510522
588504793
588502465
588499464
588499230
588376178
588375712
588367765
588361218
588360874
588360180
588225577
588224174
588221472
588217784
588216704
588214913
588214363
588198511
588197954
588194935
588194872
588186306
588186246
588183808
588069369
588068833
588068205
588068101
588067379
588066723
588066390
588065362
588060050
588049260
588047987
588047542
588047096
588047034
588045394
588045223
588045213
588045194
588042490
588040842
588039617
588038036
588035281
588032884
587960783
587907283
587906744
587850833
587636080
587615235
587438977
587432276
587231846
587231744
587231734
587231729
587231717
587132959
587132528
587130874
587130114
587129171
587128794
587127576
587127209
587124784
587116484
587115200
587079752
587079363
587077053
587075604
587002270
587001628
586944766
586891133
586890549
586887888
586844894
586644662
586584224
586541623
586541480
586540995
586295258
586287349
586180028
586178831
586176784
586173895
586161485
586005689
586003992
585947552
585832919
585800658
585800650
585791453
585763128
585763123
585760087
585744046
585743311
585742769
585742558
585725674
585725323
585672753
585647476
585607215
585578320
585379023
585369197
585327908
585326803
585323065
585319945
585319016
585317830
585317060
585316170
585295937
585204637
584935268
584919488
584913965
584911293
584902649
584899174
584898130
584897181
584894033
584880802
584880408
584879496
584878531
584878133
584867749
584867033
584863748
584859972
584857818
584822780
584822760
584822744
584822737
584822727
584822725
584822570
584822332
584822320
584822224
584822215
584822093
584822079
584821993
584821976
584821878
584821874
584821853
584821850
584821848
584821830
584821805
584821764
584821228
584820857
584820747
584820726
584820703
584819731
584819516
584819489
584799337
584798293
584779045
584718655
584707643
584664334
584575015
584386995
584386671
584384532
584384374
584384285
584381824
584381814
584381804
584379531
584374989
584365292
584364560
584363806
584362475
584362026
584359994
584358140
584357947
584357343
584356709
584356463
584223725
584188034
584184706
584184671
584184138
584047662
584045018
584036062
584005987
583999084
583986151
583848012
583787499
583725319
583720917
583718912
583716179
583701338
583696277
583691805
583688189
583684079
583678845
583673034
583532553
583498978
583498875
583498705
583498602
583498478
583498415
583498333
583498107
583498101
583498055
583498007
583497962
583497955
583497556
583497288
583497106
583382679
583381074
583380808
583380781
583379701
582933550
582786894
582749906
582693988
582666167
582653505
582645764
582629310
582628997
582628432
582627762
582626329
582530225
582529426
582528982
582528483
582527887
582433275
582247874
582247770
582246886
582246875
582246869
582246860
582246859
582246238
582246051
582246034
582245401
582245393
582235065
582230030
582222217
582219962
582126286
582126109
582124644
582124522
582124183
582123828
582121555
582121343
582121338
582119300
582116477
582115584
582115318
582051713
581997304
581992181
581982134
581972307
581967300
581963171
581915015
581908132
581894278
581893137
581799261
581797559
581796722
581795036
581791129
581753290
581706741
581689990
581686352
581686224
581685421
581673507
581663884
581654772
581650940
581600937
581591240
581581687
581571796
581555527
581544583
581528139
581363247
581360721
581089967
581058272
581050522
581022309
580962835
580961690
580749097
580739799
580738461
580647090
580646873
580645939
580644334
580640935
580509112
580451799
580365482
580364732
580361023
580349092
580333076
580332704
580332130
580331751
580331306
580330739
580166279
580036038
579949093
579647955
579596266
579584940
579583750
579582039
579581386
579580712
579580573
579579976
579573864
579570824
579454067
579451162
579400129
579345865
579344888
579342861
579341899
579296814
579290526
579263924
579262201
579261949
579261947
579259838
579255048
579253306
579252988
579219206
579183856
579179363
579097610
579096487
579007556
579003737
579003466
579003428
579002243
579001882
579001610
579001493
579001364
579001358
578992096
578990832
578990592
578990560
578990538
578958112
578929295
578929269
578928842
578927770
578926525
578926506
578925732
578925696
578925568
578925551
578924304
578923814
578922873
578922072
578918278
578917037
578905792
578904885
578904109
578903303
578902145
578898251
578895639
578892262
578846621
578842485
578837395
578835941
578835919
578833239
578822018
578812166
578811283
578809658
578809456
578809282
578764391
578721418
578548964
578546504
578545802
578544499
578544363
578542420
578542252
578541095
578540070
578538706
578537610
578536212
578536174
578536147
578536146
578536110
578536104
578536087
578536068
578536060
578536049
578536011
578536008
578535995
578535990
578535986
578535978
578535960
578535953
578535943
578535932
578535920
578535907
578535903
578535896
578535877
578535875
578535863
578534651
578533714
578532161
578525128
578525123
578525121
578525118
578525101
578525048
578525026
578525022
578525019
578525018
578525008
578524932
578524737
578524711
578524554
578524551
578524525
578524516
578524502
578524446
578489998
578489917
578479033
578476731
578474556
578369377
578342362
578340256
578329114
578328779
578328074
578324625
578155014
578153950
578147798
578032828
578015516
577964438
577964215
577955496
577941626
577937926
577937919
577937192
577936850
577936751
577936713
577862895
577850990
577838818
577838445
577838113
577838062
577838060
577838025
577838021
577838016
577837969
577837825
577835053
577835023
577835016
577833134
577725744
577456511
577320012
577163049
577160572
577119775
577116497
576902820
576824588
576794478
576625638
576586213
576582320
576579856
576574326
576555477
576550625
576543359
576508129
576476694
576453636
576219652
576181480
576181176
576171309
576161847
576111159
576084364
576083053
576081712
575756073
575753627
575753108
575753085
575753077
575753069
575753032
575753028
575753024
575753002
575753001
575752997
575752986
575752975
575752817
575752159
575752147
575752122
575752104
575752093
575752052
575751935
575751813
575751592
575751585
575751520
575751460
575751448
575751405
575751385
575751380
575751340
575751182
575751061
575751047
575750975
575750911
575750799
575750663
575750643
575750622
575750569
575750441
575750326
575750260
575750204
575750176
575750131
575750050
575750025
575749943
575749893
575749741
575749668
575749666
575749455
575372731
575370806
575370280
575359579
575355074
575353893
575353525
575351597
575351421
575346308
574972665
574768569
574768388
574768340
574768292
574768126
574768066
574768007
574767567
574767510
574767447
574767418
574767314
574767152
574767077
574767059
574766952
574766914
574766874
574766858
574766809
574766706
574766622
574766448
574766291
574766274
574766192
574766098
574766042
574765951
574649024
574628563
574586886
574502476
574228558
574172790
574123043
574117788
574113453
574111375
574097041
574094380
574093101
574091898
574091897
574091778
574091279
574091059
574091028
574090961
574089291
574087987
574087968
574087908
574087907
574087449
574087401
574087389
574087309
574087216
574087188
574087182
574087173
574087154
574087140
574087091
574087058
574087037
574086574
574086551
574086452
574086418
574086309
574086245
574085907
574085847
574085673
574084634
574083502
574083493
574083127
574083036
574083023
574083002
574082990
574082981
574082967
574082949
574082921
574082903
574082901
574082893
574082882
574082256
574064819
574062368
574059684
574004950
573859586
573822658
573786439
573785593
573784688
573782268
573782211
573781348
573781317
573613400
573570438
573490094
573349649
573331065
573182136
572929511
572871614
572697362
572694680
572693459
572692281
572692180
572687129
572685869
572685303
572684045
572683679
572681925
572680203
572678026
572677117
572676706
572675336
572673501
572672915
572672895
572662680
572658149
572657636
572588608
572587998
572587251
572586496
572585646
572584981
572584169
572583333
572392807
572384285
572379808
572363963
572325743
572325588
572325039
572323495
572322091
572318511
572318470
572315722
572263567
572156561
572141238
572134433
572130602
572130590
572130534
572130207
572130141
572130136
572120970
572119917
572117746
572112665
572111457
572111388
572111331
572107720
572102938
572102673
572101957
572101815
572101618
572100499
572096617
572096307
571985085
571977302
571966558
571963375
571959975
571955889
571947852
571929833
571918475
571913768
571903389
571869815
571867663
571835483
571787908
571780780
571780273
571779371
571778121
571776962
571774246
571772367
571770814
571768707
571750076
571748141
571630336
571626741
571624536
571623963
571571208
571571112
571571106
571570542
571570531
571539561
571539448
571538710
571524302
571521232
571521182
571521180
571519841
571508953
571506272
571500181
571498737
571497677
571495895
571495833
571495774
571494054
571493841
571493591
571493549
571493376
571489233
571489125
571484641
571481784
571421931
571399902
571399693
571399632
571390000
571381352
571379485
571373086
571371239
571369942
571369642
571355169
571355139
571351422
571350737
571350694
571350453
571350346
571350036
571350018
571349572
571349234
571349203
571346034
571299071
571294572
571293994
571293020
571292652
571292150
571290742
571289962
571289872
571289574
571287157
571285981
571285957
571285935
571283342
571280947
571280326
571276935
571276932
571276892
571275969
571275703
571275674
571275408
571274273
571273425
571271863
571271832
571271800
571271748
571271731
571271628
571271556
571263955
571262336
571259481
571251742
571251483
571241162
571239966
571238113
571235593
571234837
571230551
571214625
571211439
571209512
571202435
571202099
571200160
571197465
571196809
571193737
571179600
571151632
571149244
571149142
571131973
571100272
571097072
571084023
571049289
571049050
571049013
571048045
571047291
571047027
571046784
571045135
570997105
570994464
570993205
570967122
570962729
570959542
570959326
570950434
570931352
570923513
570921965
570910556
570893055
570886083
570867629
570828169
570655790
570655215
570654737
570653436
570651588
570651443
570559998
570364715
570258534
570097665
569828724
569774589
569760145
569750107
569748320
569747986
569747899
569746059
569746032
569744144
569742060
569740292
569689898
569683299
569679142
569435259
569407977
569398010
569395313
569376743
569376695
569374770
569322340
569220941
569132239
568891746
568796676
568772065
568597174
568553792
568540443
568531003
568530880
568510346
568505345
568503224
568503101
568502957
568495974
568495931
568489870
568489525
568478600
568477290
568472460
568470332
568459001
568458985
568455462
568441073
568441053
568439568
568427852
568299344
568293116
568265958
568256669
568245015
568244292
568202309
567676764
567675309
567673445
567672781
567670054
567664950
567663821
567659835
567658625
567652840
567651194
567650232
567645543
567641978
567641930
567602562
567553238
567552684
567521037
567465918
567465860
567465582
567461037
567455676
567455068
567446046
567436510
567434562
567413275
567400442
567355957
567355632
567353051
567352908
567352478
567352290
567351801
567188689
567185462
567184737
567181774
567173743
567172259
567169504
567164684
567163351
567162193
567159152
567155992
567154138
567147385
567140963
567140207
567138610
567136913
567126356
567120640
567118827
567117593
567091388
567081686
567079983
567079686
567079141
567077555
567076787
567076780
567075417
567074614
566997115
566963039
566961641
566961001
566954019
566952900
566948176
566946521
566927239
566924335
566924321
566924153
566911338
566911146
566909839
566894756
566894478
566891616
566891197
566890338
566890230
566889857
566888958
566888820
566888335
566887827
566887206
566887132
566887122
566886740
566886599
566886076
566886060
566885441
566885298
566884390
566877595
566874730
566860787
566829094
566810834
566810642
566805380
566598285
566585968
566517313
566103593
566102772
565890934
565888373
565886628
565868167
565838533
565830824
565824963
565824487
565823061
565822773
565816917
565770064
565765047
565764951
565757242
565753261
565752217
565728814
565720806
565717980
565705497
565705093
565703153
565701750
565700066
565695489
565618404
565611100
565533165
565487886
565486132
565461501
565456954
565446727
565403998
565393107
565384038
565363000
565306066
565305997
565301392
565193596
565188501
565188325
565178387
565094985
565094789
565094318
565093863
565093850
565092759
565092508
565092478
565092446
565092445
565090392
565090321
565089956
565089673
565089412
565089212
565088751
565088706
565087902
565087892
565087632
565087627
565087592
565087555
565086097
565086095
565085820
565085394
565085267
565084295
565082218
565082171
565081182
565079884
565079328
565077529
565077312
565075202
565075014
565072921
565071233
565070112
565068568
565068064
565064102
565060277
564940794
564872540
564872346
564872036
564871895
564822562
564822550
564822401
564822342
564822337
564822263
564822251
564822169
564822138
564822050
564821878
564821761
564821620
564821602
564821544
564821189
564820991
564820913
564820891
564820854
564820699
564820427
564820283
564820262
564820230
564820207
564820198
564820194
564819778
564819723
564720126
564676802
564667433
564655164
564651110
564541390
564540361
564482150
564470738
564466988
564455410
564453732
564451895
564451839
564445960
564445513
564444569
564435952
564434724
564433319
564426850
564425700
564424166
564409297
564389375
564340975
564329524
564329048
564325704
564324857
564321817
564321804
564318718
564318529
564318167
564317919
564311069
564310863
564310581
564310397
564298217
564297048
564295752
564295704
564285759
564281973
564268868
564258061
564256170
564255756
564247403
564243592
564175772
564122794
564122416
563904050
563689410
563681927
563641659
563422218
563397774
563396011
563396008
563389588
563377873
563340076
563338401
563292834
563291259
563281719
563269211
562556898
562556299
562552321
562548219
562547332
562542916
562542302
562399195
562278780
562107450
561587499
561441883
561416874
561386702
561386571
561386516
561386244
561386179
561384161
561384055
561383299
561355060
561351593
561349502
561292857
561173131
560886709
560671631
560483863
560470598
560416222
560350829
560229828
560221384
559925949
559866453
559637376
559436405
559152150
558931652
558833961
558641029
558640533
558639770
558639001
558638515
558637229
558636708
558635556
558634892
558634283
558633664
558632020
558629756
558629056
558628198
558627467
558619339
558514081
558500662
558499936
558498295
558494637
558493884
558493418
558492735
558262968
558090308
558088702
558085019
558083472
558081924
558004605
557836126
557471391
557471104
557469227
557469066
557467312
557467094
557465460
557465437
557465393
557463482
557460995
557459088
557458948
557457171
557454985
557453804
557451931
557449597
557406555
557406443
557406153
557406058
557404991
557404977
557396583
557396334
557396155
557396055
557396029
557395905
557395878
557395816
557395768
557395717
557395715
557395673
557395424
557394829
557394733
557394091
557393585
557392624
557390620
557390252
557388044
557387565
557387473
557386142
557385646
557385393
557384435
557382867
557381366
557381304
557379555
557377644
557377089
557376026
557346477
557345770
557344796
557344578
557342897
557259150
557259023
557255743
557255314
557255311
557254918
557254582
557253892
557253873
557253759
557253277
557253064
557251780
557251266
557250333
557248553
557247777
557247666
557246817
557246764
557246615
557246184
557245933
557245235
557245228
556835595
556835263
556834179
556833836
556826645
556825136
556770679
556770365
556731886
556730888
556703926
556703353
556702221
556701789
556701371
556700100
556695626
556695483
556693546
556692084
556690180
556685877
556682641
556681103
556679575
556677251
556675651
556674700
556673767
556671642
556671033
556653897
556641032
556636820
556632041
556621402
556621318
556619595
556619261
556617675
556617626
556617152
556615027
556613082
556609218
556586470
556585030
556584716
556583286
556582741
556577118
556576984
556576365
556566187
556566091
556564385
556564175
556562442
556562123
556561563
556560554
556559928
556559452
556553228
556552718
556550401
556549269
556549031
556548266
556547398
556546968
556546416
556546276
556545414
556545118
556544648
556541877
556534792
556534678
556534150
556534057
556532697
556532611
556532360
556531703
556530573
556529982
556528584
556527309
556527282
556524457
556522748
556522493
556521386
556521105
556512741
556482270
556481650
556476844
556469567
556468886
556315411
556284036
556240518
556226417
556218787
556197729
556163680
556159490
556159416
556157739
556157426
556156114
556155581
556153861
556152727
556128356
556127719
556127004
556126777
556126295
556125368
556124583
556124380
556123773
556123614
556122848
555765518
555754815
555701934
555701869
555700064
555698034
555697621
555695476
555693234
555693040
555564251
555562703
555561591
555560703
555560294
555558415
555556617
555423581
555421534
555420179
555396055
555395821
555395438
555310671
555309098
555308344
555289275
555288759
555288312
555286469
555286315
555260649
555239541
555238941
555236059
555235141
555232394
555229692
555034143
555030078
555028622
555026948
555024722
555024639
555017074
555012349
555010528
555010431
555008214
555008158
555003991
555002361
555002305
555002292
554997381
554996741
554996398
554994034
554992155
554990301
554990257
554988355
554988208
554986386
554781152
554682226
554641921
554641127
554641075
554639238
554638203
554614674
554610469
554608104
554601346
554599494
554596401
554595083
554594302
554592291
554584167
554583562
554579696
554577761
554332924
554319229
554196376
554150872
554147522
554146564
554145348
554140852
554128623
554123899
554118507
554042174
554028425
553828318
553824632
553823692
553822804
553822202
553821346
553820801
553819467
553819211
553818723
553818536
553818034
553817830
553817288
553817157
553816612
553816455
553815888
553815770
553815239
553815137
553814649
553814565
553814064
553813113
553812806
553812444
553810119
553808593
553808442
553807554
553806473
553805144
553803631
553802898
553801945
553801148
553799542
553793770
553793171
553789832
553787775
553786888
553785638
553784713
553780818
553780370
553778667
553778160
553778034
553774257
553773768
553771515
553768734
553766610
553766603
553757047
553732326
553731198
553731186
553731026
553730189
553729318
553728423
553672576
553672336
553672242
553671881
553671508
553671036
553670528
553668731
553668719
553665734
553665725
553664250
553664099
553664047
553663904
553663167
553662241
553661999
553661854
553661751
553661708
553660535
553660036
553659804
553658257
553655727
553655253
553655081
553653813
553653378
553651717
553651248
553651008
553649535
553649047
553647371
553645040
553644721
553643156
553643064
553641141
553640544
553640520
553637282
553634677
553476663
553428738
553390472
553385071
553384801
553384415
553383698
553381705
553380742
553380713
553379354
553377411
553377381
553375510
553375418
553369696
553368747
553368410
553367640
553361599
553361039
553360233
553359550
553356483
553269671
553264030
553255356
553254464
553254042
553253959
553253277
553252328
553251769
553251678
553251662
553251545
553251432
553251243
553248385
553248173
553247222
553246963
553245886
553244179
553242495
553239167
553232881
553232780
553230727
553230576
553228677
553226631
553226456
553225775
553225765
553225494
553224746
553224196
553222153
553218878
553218851
553194883
553150733
553148936
553145717
553144204
553144124
553142155
553142093
553140719
553138669
553130199
553125329
553098635
553027308
551800055
551753295
551670312
551668274
551668212
551668202
551668147
551668095
551667894
551667788
551667778
551667738
551667729
551667718
551565681
551558171
551374962
551187187
551184004
550958765
550718374
550715361
550642646
550642125
550639312
550632726
550629501
550628732
550479885
549795791
549667497
549587810
549485180
549465979
549457757
549353461
549315997
549315129
549306212
549270851
549172487
549085552
548897907
548859083
548843295
548833925
548781700
548572241
548549160
548508854
548428969
548427570
548423918
548254554
548131471
548130050
548128312
548069560
547983972
547908091
547891825
547888082
547884836
547883975
547216656
546755874
546565614
546408958
545791370
545440338
544901455
544670931
544604467
544579093
543819525
543803578
543750362
543732306
543721754
543133636
542959207
542956115
542955577
542693035
542631840
542466151
542461545
542457450
542313086
541814776
541466253
540961313
540877993
540877980
540876663
540876334
540824814
540579519
540547850
540540138
540522822
540263357
540094481
539982700
539923861
539912958
539911308
539910947
539640852
539637535
539632884
539436270
539423581
539317965
539284793
539140571
539033429
538670660
538433748
538256993
538042117
537494253
537451117
537403205
537403121
537394139
537391721
537384460
537381815
536933242
536436209
536176941
536174659
536150513
536131335
536086569
535895309
535895052
535887084
535874850
535870708
535865591
535865271
535864124
535862953
535862314
535837440
535812705
535807765
535807342
535804383
535801426
535797299
535791995
535788158
535787124
535786145
535657620
535542056
535520959
535497417
535463684
535370768
535370381
535248589
535242550
535231435
534787488
534565952
534352209
534314844
534314579
534314456
534312038
534311903
534311145
534310150
534310056
534309661
534308702
534307711
534307111
534272713
534271331
534271239
534267990
533968056
533851685
533846564
533845502
532985319
532925419
532839453
532735662
532576528
532398378
531890371
531646506
531612084
531493103
531492722
531491925
531491592
531488174
531480339
531479658
531477826
531430897
531407610
531362782
531360557
530443550
530039724
529877375
529715370
529507492
528949357
528222846
526984872
526131998
524772507
524772404
524300511
524161931
524062554
523978062
523009194
522551609
522176766
522176624
521859051
521724797
521724664
521724637
521724476
521724295
521586192
521468653
521395440
521347283
521106549
521030324
520704178
520613281
519396166
519216377
518795849
518743203
518582339
518268406
518146151
517197166
516912704
516666159
516138337
515840565
515045244
515045211
515044764
515044609
515044516
515044017
515043967
515043903
515043759
514078035
513970005
512745252
512417585
512410242
512404925
512359650
512319432
511259176
510148464
509562155
509545986
509543142
509494494
509490641
509450109
509450079
508870016
508869899
508752373
508751908
508701036
508697259
508694567
508619716
508569193
508462889
508442297
508442296
508399978
508396373
508378999
508372227
508325381
508316198
508313185
508308901
508308670
508293842
508273895
508233010
508228544
508199814
508199794
507986516
507981937
507968851
507960944
507960158
507936776
507933834
507916997
507916975
507858040
507854370
507854241
507854074
507854052
507853994
507853923
507701950
507681258
507668535
507664188
507654577
507651602
507641625
507610613
507609360
507602563
507601613
507599552
507599209
507578350
507540405
507538918
507367989
507359013
507322139
507321398
507306815
507281754
507275340
507264576
507246563
507237132
507200230
507161288
507111838
507095138
507092932
507087815
507071444
507071169
507066296
507045977
507010876
507010843
507009843
507009809
507009636
507009612
507009600
507009413
507009359
507009261
507008986
507008558
506993316
506990357
506980731
506913520
506909074
506858875
506856342
506845812
506814033
506813689
506810437
506782623
506731294
506730300
506566316
506513424
506472024
506447958
506431651
506333673
506321843
506301377
506254419
506209670
506171267
506043560
506006754
505980832
505957036
505955743
505826415
505723218
505702854
505346007
505193273
504871057
504740720
503919966
503456369
503279685
502105239
502028338
501528487
501102832
500617169
499737300
499556930
499225619
498856781
498424540
498303737
498160771
498069213
497953998
497951722
497865586
497271279
496822642
496735041
496672575
496547878
496520957
496366979
495290871
495092739
494308351
494281297
494265980
493955418
493904687
493237755
493152985
492575449
492246007
491017436
490936583
490817849
490551902
490207404
489667694
489143914
488973393
488687885
488663565
488083938
487859956
487795654
487557568
486802234
486662868
486478305
486133834
486023136
485855469
485571001
484577416
483927111
483675976
483668532
483557067
482898531
482599181
482234302
481378844
481201522
480961426
480938978
480200004
480114815
479979725
479499791
479466083
478628035
478373264
478208893
478104103
477069804
477049106
475998333
475883075
475753401
475493138
475414970
474839182
474790787
474788181
473103610
472085769
471515214
471314957
471257755
471037420
470969643
470914743
470678798
470672704
470303179
469664777
469020903
468787185
468471521
468396432
468068541
468019026
467848042
467707717
467304608
466627490
466275106
465952940
465533602
465464189
465027241
464876758
464542560
464351941
464341632
464172471
463688340
463381046
462929466
461923627
461636107
461246253
459095763
458841222
458453587
457193750
457074594
456952436
456789269
456764056
456641645
456248069
455954997
455556535
455429099
455066703
454702382
454697004
454646668
454459017
454261921
454209882
453768429
452971472
452322322
451223193
451137325
450551740
449908103
449185786
448952625
448683421
448608256
448590429
448578048
448236590
447790947
447693402
447666014
447068981
446621529
446593367
446369420
445427556
445035148
444951191
444821591
444318962
443745854
443374780
443246911
443197794
443148590
443053503
442553619
440855987
440802356
440488440
439978504
439890579
439710118
439615909
439496417
439329489
438763653
438580322
438505467
437478619
437421896
437095837
436862974
436769156
436758590
436404347
436246956
435968321
435961135
435958973
435918400
435778807
435695707
435378163
435056409
434709082
434709067
434658584
434596643
434547469
433770834
432974746
432749135
432729242
431535325
430506638
430470236
429498597
429276666
429247551
428818719
428454961
427939732
427932164
427917572
427841426
427642233
427364895
427226954
427222379
427160819
426658714
426654851
426051259
424895831
424883818
424586364
424547518
424524054
424501095
424481377
424480013
423482146
423206789
422479464
422338039
421279990
421279187
421260248
421258885
421253215
421246250
421244651
421234121
421230561
421210142
421114364
420721076
420718285
420520948
420512566
420485968
420482865
420342847
420331803
420305288
420117669
419806276
419533852
419336148
418035700
417245537
417214749
417109583
416895606
415996790
414551630
413237852
412686041
412291410
411921611
411204404
411040350
410559179
410513666
410013890
409489119
409426113
409311608
409064433
408783238
408385511
408150364
407692303
407389800
406968078
406786549
406571904
406571472
406189680
406038940
405798566
405725736
404912506
404755470
404728965
404626811
404601254
404255073
404199568
403469145
402846559
402622901
402502976
401593096
401296598
401040318
400773729
400650733
399941780
399633052
399490201
399323671
398847871
398715482
397832529
397251657
396720595
396557788
395926061
395835007
395513494
394657776
394511146
394105976
393955076
393482649
393481786
393091495
393055118
392064225
391973342
391458336
391001388
390052757
389849858
389210968
388993360
388749125
387941782
387882460
387794334
387794250
387794242
387794054
387751555
387090845
385778229
385465147
385446056
385300507
384844224
384035022
383929610
383162314
382933883
382779434
382005249
381330396
381024186
380713254
380515726
379099426
378312027
377734759
377697877
377438931
376762778
375430799
375424842
374718111
374432840
374108271
374068777
373968824
373608888
372297132
371905300
371695762
371615232
371529890
371260760
371089687
370029689
369916080
369784166
369317100
369079239
369049772
369049695
369049427
368264454
368093464
368035959
366576946
366574050
366573906
366554886
365868495
365844961
365822896
365675425
365415125
365018976
364990396
364923396
364821979
364704707
364541221
364446658
364420645
363657408
363651900
363649959
363649727
363649182
363519056
363281644
363259227
362903130
362724909
362583197
362505435
362476216
362456990
362200319
361927168
361263682
361160150
361054031
361025742
360942171
360708236
360697104
360411339
360207500
358747162
357428943
356414242
355690969
355567259
355419881
354890708
354723052
354130152
353968688
353708074
353579233
353554136
353306337
353134557
353046786
352998694
351686110
351492484
351365667
351310618
351310037
351275890
351273303
351216109
350929137
350852570
350689540
350470922
350333595
350261663
349979708
349819695
348307759
347379186
347182471
346811474
346325000
346149987
345230394
345041803
344721733
344033550
343835508
343835461
343811432
343807805
342839692
342443642
342126840
342112486
341037579
340855530
340597766
340273103
339808292
339632837
339556336
339513472
338824895
338572004
338431968
338342063
337934011
337513951
336422377
336240708
335338535
335268500
335194691
335098142
334019276
333981765
333770537
333736020
333216401
333070711
332913324
332709442
332340148
332081096
332003302
331821176
331111425
331107690
330150350
330055702
329514259
328037001
327000975
326764313
326254083
325641091
325573934
325481449
325106013
324828981
324725396
324446730
323995631
323690379
323657466
323654654
323550080
323195943
323003942
322777254
322234045
322166541
322164929
321991109
321818507
321047268
320863702
320416048
320341957
320178029
320042900
320033120
320018250
319974951
319971106
319849562
318673348
318296379
317860121
317514308
317309367
316897898
316283857
316128592
315533014
314625442
314222826
313517472
313504371
313017841
312787573
312146028
311431193
310828868
309699237
309303051
308677255
308638840
308547417
308506313
308071748
307856707
306723789
306531970
306269498
304954257
304537355
304295784
303957306
303558673
303171114
302615037
301722856
301600435
301434584
301372183
300979959
300449950
299844600
299828139
299464541
298830252
298813515
298074335
298033590
297857265
297726174
297627789
297529573
297394944
297269549
297207479
297185852
297045767
296605186
296533638
296493081
296078208
296032031
296025749
295949149
295838728
295723449
294883859
294815564
294801072
294306389
293914084
293877597
292953840
292903202
292781157
292761487
292475694
292443140
291947021
291585756
291507565
291352235
290933742
290722560
290677024
290672618
290501642
290260395
290093605
289940684
289154334
287141993
285428003
285422138
285400010
285120702
284737503
284451677
284144966
284093253
283898744
282349283
282283036
282193383
282085720
281170199
280845172
280737885
280565185
280216492
280104389
279305952
279295124
278698811
278560731
277511256
277458783
275847089
275570298
275414515
275335290
274654501
274536290
274253833
273991138
273511718
273456585
272551225
272291764
271535947
271346534
270741024
270189601
269410893
268217126
267714419
264779224
263892668
262009222
261642567
261428650
260903048
260657292
260373478
260075917
260023441
259939360
259879887
259852636
259780046
259646048
259487864
259174725
258324379
258139107
256511689
256247366
256004152
255473320
255361264
254954155
254728926
254708607
254614559
254558865
254307636
254004476
253677869
253598475
253591779
253197357
252744784
252350051
251985082
251317466
250675448
250672610
250523551
250467335
250427412
250180958
250043333
249521616
249269248
248921642
248814713
248763893
247988546
247909722
247865302
247382604
247236513
247195240
246892186
246216227
245130660
245114593
244916259
243982141
243032581
242497603
242190572
241359938
240841323
240751939
240424277
240385478
240105806
239955417
239467441
239088812
239087492
239070395
238610118
238479257
238105668
238010355
238005028
237939791
237169714
236990484
236631655
236420858
236223022
236003400
234865343
234531660
233928516
233846754
233766502
233402170
233101402
232916764
232632527
231743819
231448052
231447761
231003586
228628720
228621996
228619777
227670877
227600484
227425945
227096846
226712623
226590325
226321104
225741257
225534720
225343797
224714234
224288469
224154804
223875070
223752066
223551418
223516965
223099116
223011311
223003279
222795443
222695345
222650154
222415991
222377181
222224725
221778983
221347399
221056957
220881478
220707803
220015035
219699812
219302543
218150470
217344066
217296635
216937295
216739765
216298838
216171734
216101622
215775224
214633573
213878355
213861208
213766612
213121134
212723142
211860278
211077208
210586059
210283174
210218647
210208656
210136967
210071698
209834941
209819648
209598407
208799706
208774868
208669665
208448256
208304040
208260409
208178956
207876675
207804853
207750463
207733504
207259528
207258836
207146724
206889097
206795065
206625061
206308024
206220003
205274518
204751821
204255196
203852712
203792778
203712635
202537084
202096328
201822893
201766672
200836147
200334063
200264831
200205574
200057530
200023037
199811250
199376983
199184489
198913563
198779175
198463038
198335584
197723273
197485649
197294482
197183546
196848102
196771373
196458359
196238913
195064995
194775052
194709505
194693145
194242167
193745350
193636630
193571512
193440412
193348671
193278736
192879202
192863374
192612842
192360633
192208331
191884636
190584094
190567103
190559846
188144420
185753702
185152860
185124933
184834910
184603773
183768617
183738552
183166362
183072387
182707804
182074547
181835806
181275226
181240876
181070826
180827340
179932476
178655950
178498296
178041728
177763999
177362923
176008742
175407037
175017554
174981466
174898745
174742506
174524890
174202806
173789537
172982080
172886261
172462080
171763828
171707371
171454842
171360029
171264030
171155308
170457136
170040507
169353406
169316487
169132209
168661360
168649094
168613563
168583831
168438546
168003569
167243651
166921504
166555724
165963080
165812948
165505907
165482528
165371562
164972916
164660887
164387876
164374228
164023296
163620190
163395836
163289977
163284502
163092431
163050560
162616810
162299728
161989823
161936582
161765581
161712340
161666360
161616720
161518442
160974813
159994476
159027134
158893235
158710948
158471883
158000183
157387146
157280575
156838323
156644274
156578394
156186095
155987594
155752215
155717906
155635856
155360875
155201172
155088039
154848586
154261207
154139222
153406335
153270439
153245026
152888748
152660245
151861342
150713339
149255986
148592936
147964478
147728847
147633133
147038640
146282653
145793045
145737993
145678019
145552268
143914587
143719127
142277946
142216580
141357931
141197059
140447500
139487822
138758704
138517070
138202359
136685415
136367834
136205375
134858581
134547743
134106705
134030517
133162362
132962148
132461125
131922879
131885182
131787090
128650695
124331517
123930295
123625956
123216104
121489815
120492671
116969845
115517589
114460712
109896794
109591690
108637578
107030674
105835238
103186453
100928992
99694421
99214614
95901524
95490086
92221568
92221542
90714349
86982667
86320374
82156667
82101690
76562906
76502095
76208655
76095155
75052352
74145110
73075278
73007235
70866599
62046703
60778735
56742164
54268560
50716668
50541222
50271828
49786671
43719155
42164689
40984811
38934809
37675940
36474992
34343038
30505845
28494650
27450603
26597565
23683018
23081592
20418456
18313459
17155288
14696687
14477507
14310292
7260310
7240623
4523858
3880028
2453613